1621803446052 0.75 49
1621803446189 0.71875 99
1621803446327 0.75 149
1621803446460 0.75 199
1621803446595 0.46875 249
1621803446729 0.875 299
1621803446918 0.875 349
1621803447093 0.8125 399
1621803447264 0.78125 449
1621803447447 0.9375 499
1621803447615 0.8125 549
1621803447789 0.875 599
1621803448032 1.0 649
1621803448184 0.90625 699
1621803448313 0.78125 749
1621803448445 0.6875 799
1621803448580 0.9375 849
1621803448712 0.9375 899
1621803448844 0.96875 949
1621803448979 0.96875 999
1621803449112 0.90625 1049
1621803449241 0.90625 1099
1621803449373 0.90625 1149
1621803449508 0.9375 1199
1621803449651 0.84375 1249
1621803449783 0.90625 1299
1621803449909 0.84375 1349
1621803450042 0.96875 1399
1621803450177 0.8125 1449
1621803450304 0.875 1499
1621803450501 0.90625 1549
1621803450631 0.84375 1599
1621803450763 0.84375 1649
1621803450891 0.90625 1699
1621803456898 1.0 1749
1621803457037 0.9375 1799
1621803457171 0.84375 1849
1621803457300 0.96875 1899
1621803457426 0.90625 1949
1621803457554 0.90625 1999
1621803457685 0.96875 2049
1621803457816 0.90625 2099
1621803457945 0.875 2149
1621803458077 0.9375 2199
1621803458209 0.90625 2249
1621803458344 0.96875 2299
1621803458471 0.96875 2349
1621803458601 0.9375 2399
1621803458738 1.0 2449
1621803458874 0.96875 2499
1621803459003 0.96875 2549
1621803459159 0.875 2599
1621803459335 0.96875 2649
1621803459512 0.90625 2699
1621803459693 0.96875 2749
1621803459867 0.875 2799
1621803460028 1.0 2849
1621803460184 0.96875 2899
1621803460349 0.9375 2949
1621803460515 0.875 2999
1621803460768 0.90625 3049
1621803460931 0.875 3099
1621803461100 1.0 3149
1621803461268 0.875 3199
1621803461441 0.96875 3249
1621803461617 0.96875 3299
1621803461791 0.96875 3349
1621803461956 0.875 3399
