1621803446052 1.3537300825119019 49
1621803446189 0.7621105909347534 99
1621803446327 0.6581601500511169 149
1621803446460 0.7341639995574951 199
1621803446595 1.444407343864441 249
1621803446729 0.4053170680999756 299
1621803446918 0.44443416595458984 349
1621803447093 0.6314152479171753 399
1621803447264 0.7186349630355835 449
1621803447447 0.39218661189079285 499
1621803447615 0.4479888081550598 549
1621803447789 0.4246090352535248 599
1621803448032 0.0729091614484787 649
1621803448184 0.33663174510002136 699
1621803448313 0.5627243518829346 749
1621803448445 0.9934331178665161 799
1621803448580 0.23216228187084198 849
1621803448712 0.21280895173549652 899
1621803448844 0.3163069784641266 949
1621803448979 0.27725255489349365 999
1621803449112 0.22294555604457855 1049
1621803449241 0.3528698980808258 1099
1621803449373 0.35410311818122864 1149
1621803449508 0.22314739227294922 1199
1621803449651 0.5227022171020508 1249
1621803449783 0.4118785560131073 1299
1621803449909 0.37936100363731384 1349
1621803450042 0.17690928280353546 1399
1621803450177 0.37912052869796753 1449
1621803450304 0.3174414336681366 1499
1621803450501 0.33145081996917725 1549
1621803450631 0.4494307041168213 1599
1621803450763 0.37774857878685 1649
1621803450891 0.21293729543685913 1699
1621803456898 0.10197997093200684 1749
1621803457037 0.29953256249427795 1799
1621803457171 0.45259860157966614 1849
1621803457300 0.17471511662006378 1899
1621803457426 0.300945520401001 1949
1621803457554 0.27647653222084045 1999
1621803457685 0.12514066696166992 2049
1621803457816 0.34824156761169434 2099
1621803457945 0.201976016163826 2149
1621803458077 0.15732359886169434 2199
1621803458209 0.2777995765209198 2249
1621803458344 0.08082960546016693 2299
1621803458471 0.10643532872200012 2349
1621803458601 0.33184006810188293 2399
1621803458738 0.07886995375156403 2449
1621803458874 0.13389907777309418 2499
1621803459003 0.08696120232343674 2549
1621803459159 0.30215850472450256 2599
1621803459335 0.10891833156347275 2649
1621803459512 0.27838242053985596 2699
1621803459693 0.18702314794063568 2749
1621803459867 0.23904764652252197 2799
1621803460028 0.06676194071769714 2849
1621803460184 0.11004776507616043 2899
1621803460349 0.16873453557491302 2949
1621803460515 0.3580138683319092 2999
1621803460768 0.1699153482913971 3049
1621803460931 0.34874841570854187 3099
1621803461100 0.07634599506855011 3149
1621803461268 0.29726558923721313 3199
1621803461441 0.2057860642671585 3249
1621803461617 0.11205139756202698 3299
1621803461791 0.09266962856054306 3349
1621803461956 0.474454790353775 3399
