1621801899122 0 49
1621801899276 0 99
1621801899554 0 149
1621801899705 0 199
1621801899898 0 249
1621801900086 0 299
1621801900282 0 349
1621801900475 0 399
1621801900667 0 449
1621801900854 0 499
1621801901087 0 549
1621801901283 0 599
1621801901418 0 649
1621801901568 0 699
1621801901706 0 749
1621801901853 0 799
1621801901999 0 849
1621801903615 0 859
1621801907424 1 899
1621801907575 1 949
1621801907725 1 999
1621801907875 1 1049
1621801908024 1 1099
1621801908174 1 1149
1621801908323 1 1199
1621801908524 1 1249
1621801908674 1 1299
1621801908822 1 1349
1621801908970 1 1399
1621801909118 1 1449
1621801909318 1 1499
1621801909517 1 1549
1621801909690 1 1599
1621801909882 1 1649
1621801910075 1 1699
1621801912145 1 1719
