1621803426161 0 49
1621803426342 0 99
1621803426490 0 149
1621803426659 0 199
1621803426832 0 249
1621803427003 0 299
1621803427176 0 349
1621803427334 0 399
1621803427492 0 449
1621803427664 0 499
1621803427839 0 549
1621803428013 0 599
1621803428193 0 649
1621803428366 0 699
1621803428545 0 749
1621803428757 0 799
1621803428959 0 849
1621803429134 0 899
1621803429308 0 949
1621803429473 0 999
1621803429656 0 1049
1621803429841 0 1099
1621803430015 0 1149
1621803430201 0 1199
1621803430450 0 1249
1621803430598 0 1299
1621803430751 0 1349
1621803430890 0 1399
1621803431026 0 1449
1621803431170 0 1499
1621803431365 0 1549
1621803431507 0 1599
1621803431648 0 1649
1621803431790 0 1699
1621803433644 0 1718
1621803438109 1 1749
1621803438279 1 1799
1621803438457 1 1849
1621803438627 1 1899
1621803438873 1 1949
1621803439029 1 1999
1621803439177 1 2049
1621803439322 1 2099
1621803439459 1 2149
1621803439595 1 2199
1621803439744 1 2249
1621803439891 1 2299
1621803440029 1 2349
1621803440172 1 2399
1621803440321 1 2449
1621803440458 1 2499
1621803440610 1 2549
1621803440799 1 2599
1621803440974 1 2649
1621803441147 1 2699
1621803441324 1 2749
1621803441499 1 2799
1621803441716 1 2849
1621803441941 1 2899
1621803442093 1 2949
1621803442239 1 2999
1621803442382 1 3049
1621803442536 1 3099
1621803442687 1 3149
1621803442830 1 3199
1621803442962 1 3249
1621803443098 1 3299
1621803443240 1 3349
1621803443384 1 3399
1621803445171 1 3437
