1621803452344 1.8527171611785889 49
1621803452558 1.825798749923706 99
1621803452822 1.8214527368545532 149
1621803452984 1.7734256982803345 199
1621803453149 1.7469892501831055 249
1621803453300 1.923388123512268 299
1621803453450 1.9324549436569214 349
1621803453611 1.9550600051879883 399
1621803459118 1.8036448955535889 449
1621803459289 1.6842349767684937 499
1621803459456 1.8833087682724 549
1621803459622 1.7321293354034424 599
1621803459788 1.8328067064285278 649
1621803459954 1.8564304113388062 699
1621803460138 1.9978995323181152 749
1621803460320 2.118180274963379 799
1621803460484 2.0145833492279053 849
