1621801919923 0 49
1621801920089 0 99
1621801920248 0 149
1621801920407 0 199
1621801920567 0 249
1621801920725 0 299
1621801920882 0 349
1621801921039 0 399
1621801921196 0 449
1621801921353 0 499
1621801921518 0 549
1621801921681 0 599
1621801921836 0 649
1621801921995 0 699
1621801922242 0 749
1621801922422 0 799
1621801922618 0 849
1621801924661 0 859
1621801929053 1 899
1621801929240 1 949
1621801929421 1 999
1621801929597 1 1049
1621801929760 1 1099
1621801929925 1 1149
1621801930154 1 1199
1621801930328 1 1249
1621801930499 1 1299
1621801930675 1 1349
1621801930863 1 1399
1621801931044 1 1449
1621801931221 1 1499
1621801931391 1 1549
1621801931571 1 1599
1621801931741 1 1649
1621801932003 1 1699
1621801934287 1 1719
