1621801895430 0 49
1621801895544 0 99
1621801895655 0 149
1621801895771 0 199
1621801895884 0 249
1621801895999 0 299
1621801896121 0 349
1621801896231 0 399
1621801896345 0 449
1621801896459 0 499
1621801896572 0 549
1621801896685 0 599
1621801896793 0 649
1621801896905 0 699
1621801897025 0 749
1621801897143 0 799
1621801897257 0 849
1621801897365 0 899
1621801897475 0 949
1621801897586 0 999
1621801897699 0 1049
1621801897810 0 1099
1621801897919 0 1149
1621801898030 0 1199
1621801898141 0 1249
1621801898254 0 1299
1621801898366 0 1349
1621801898478 0 1399
1621801898595 0 1449
1621801898719 0 1499
1621801898884 0 1549
1621801898994 0 1599
1621801899119 0 1649
1621801899243 0 1699
1621801901224 0 1718
1621801905252 1 1749
1621801905365 1 1799
1621801905478 1 1849
1621801905591 1 1899
1621801905699 1 1949
1621801905809 1 1999
1621801905920 1 2049
1621801906034 1 2099
1621801906147 1 2149
1621801906257 1 2199
1621801906367 1 2249
1621801906479 1 2299
1621801906592 1 2349
1621801906705 1 2399
1621801906814 1 2449
1621801906924 1 2499
1621801907044 1 2549
1621801907154 1 2599
1621801907262 1 2649
1621801907380 1 2699
1621801907504 1 2749
1621801907629 1 2799
1621801907753 1 2849
1621801907878 1 2899
1621801908003 1 2949
1621801908127 1 2999
1621801908252 1 3049
1621801908374 1 3099
1621801908498 1 3149
1621801908623 1 3199
1621801908747 1 3249
1621801908870 1 3299
1621801908995 1 3349
1621801909120 1 3399
1621801911298 1 3437
