1621801919138 1.3745604753494263 49
1621801919302 0.8687078952789307 99
1621801919470 0.8647364974021912 149
1621801919628 0.9499947428703308 199
1621801919783 1.155972957611084 249
1621801919961 1.1853041648864746 299
1621801920140 1.488091230392456 349
1621801920316 1.1948386430740356 399
1621801920493 1.4135020971298218 449
1621801920670 1.4256772994995117 499
1621801920848 1.0504399538040161 549
1621801921026 1.0647135972976685 599
1621801921206 1.6296398639678955 649
1621801921382 1.124860167503357 699
1621801921573 1.0493324995040894 749
1621801921766 1.1694120168685913 799
1621801921961 0.9461920857429504 849
1621801928554 0.9368245005607605 899
1621801928766 1.2397220134735107 949
1621801928935 1.1389925479888916 999
1621801929141 1.7858940362930298 1049
1621801929332 0.9909491539001465 1099
1621801929535 0.960016667842865 1149
1621801929776 1.2582038640975952 1199
1621801929960 1.4763375520706177 1249
1621801930148 1.4172722101211548 1299
1621801930335 1.6566331386566162 1349
1621801930519 1.4085524082183838 1399
1621801930710 1.4227460622787476 1449
1621801930912 1.3831849098205566 1499
1621801931116 1.3516345024108887 1549
1621801931312 1.6357653141021729 1599
1621801931506 1.2571924924850464 1649
1621801931689 1.3122221231460571 1699
