1621801919138 0.671875 49
1621801919302 0.71875 99
1621801919470 0.71875 149
1621801919628 0.78125 199
1621801919783 0.703125 249
1621801919961 0.6875 299
1621801920140 0.578125 349
1621801920316 0.640625 399
1621801920493 0.59375 449
1621801920670 0.609375 499
1621801920848 0.703125 549
1621801921026 0.609375 599
1621801921206 0.5625 649
1621801921382 0.671875 699
1621801921573 0.640625 749
1621801921766 0.59375 799
1621801921961 0.65625 849
1621801928554 0.6875 899
1621801928766 0.625 949
1621801928935 0.640625 999
1621801929141 0.578125 1049
1621801929332 0.625 1099
1621801929535 0.671875 1149
1621801929776 0.609375 1199
1621801929960 0.53125 1249
1621801930148 0.4375 1299
1621801930335 0.421875 1349
1621801930519 0.4375 1399
1621801930710 0.484375 1449
1621801930912 0.546875 1499
1621801931116 0.5 1549
1621801931312 0.359375 1599
1621801931506 0.546875 1649
1621801931689 0.46875 1699
