1621801831765 0 49
1621801831914 0 99
1621801832061 0 149
1621801832210 0 199
1621801832354 0 249
1621801832501 0 299
1621801832648 0 349
1621801832813 0 399
1621801832969 0 449
1621801833115 0 499
1621801833260 0 549
1621801833402 0 599
1621801833547 0 649
1621801833693 0 699
1621801833841 0 749
1621801833985 0 799
1621801834131 0 849
1621801834277 0 899
1621801834424 0 949
1621801834641 0 999
1621801834763 0 1049
1621801834911 0 1099
1621801835056 0 1149
1621801835192 0 1199
1621801835338 0 1249
1621801835479 0 1299
1621801835624 0 1349
1621801835765 0 1399
1621801835914 0 1449
1621801836130 0 1499
1621801836298 0 1549
1621801836407 0 1599
1621801836520 0 1649
1621801836640 0 1699
1621801838339 0 1718
1621801842441 1 1749
1621801842588 1 1799
1621801842736 1 1849
1621801842951 1 1899
1621801843074 1 1949
1621801843219 1 1999
1621801843362 1 2049
1621801843494 1 2099
1621801843639 1 2149
1621801843775 1 2199
1621801843925 1 2249
1621801844072 1 2299
1621801844227 1 2349
1621801844439 1 2399
1621801844551 1 2449
1621801844669 1 2499
1621801844789 1 2549
1621801844898 1 2599
1621801845009 1 2649
1621801845129 1 2699
1621801845259 1 2749
1621801845378 1 2799
1621801845502 1 2849
1621801845615 1 2899
1621801845737 1 2949
1621801845864 1 2999
1621801845974 1 3049
1621801846098 1 3099
1621801846240 1 3149
1621801846394 1 3199
1621801846539 1 3249
1621801846680 1 3299
1621801846835 1 3349
1621801846972 1 3399
1621801848862 1 3437
