1621803446052 0 49
1621803446189 0 99
1621803446327 0 149
1621803446460 0 199
1621803446595 0 249
1621803446729 0 299
1621803446918 0 349
1621803447093 0 399
1621803447264 0 449
1621803447447 0 499
1621803447615 0 549
1621803447789 0 599
1621803448032 0 649
1621803448184 0 699
1621803448313 0 749
1621803448445 0 799
1621803448580 0 849
1621803448712 0 899
1621803448844 0 949
1621803448979 0 999
1621803449112 0 1049
1621803449241 0 1099
1621803449373 0 1149
1621803449508 0 1199
1621803449651 0 1249
1621803449783 0 1299
1621803449909 0 1349
1621803450042 0 1399
1621803450177 0 1449
1621803450304 0 1499
1621803450501 0 1549
1621803450631 0 1599
1621803450763 0 1649
1621803450891 0 1699
1621803452802 0 1718
1621803456898 1 1749
1621803457037 1 1799
1621803457171 1 1849
1621803457300 1 1899
1621803457426 1 1949
1621803457554 1 1999
1621803457685 1 2049
1621803457816 1 2099
1621803457945 1 2149
1621803458077 1 2199
1621803458209 1 2249
1621803458344 1 2299
1621803458471 1 2349
1621803458601 1 2399
1621803458738 1 2449
1621803458874 1 2499
1621803459003 1 2549
1621803459159 1 2599
1621803459335 1 2649
1621803459512 1 2699
1621803459693 1 2749
1621803459867 1 2799
1621803460028 1 2849
1621803460184 1 2899
1621803460349 1 2949
1621803460515 1 2999
1621803460768 1 3049
1621803460931 1 3099
1621803461100 1 3149
1621803461268 1 3199
1621803461441 1 3249
1621803461617 1 3299
1621803461791 1 3349
1621803461956 1 3399
1621803463900 1 3437
