1621801855750 0 49
1621801855910 0 99
1621801856070 0 149
1621801856228 0 199
1621801856390 0 249
1621801856553 0 299
1621801856725 0 349
1621801856889 0 399
1621801857044 0 449
1621801857194 0 499
1621801857353 0 549
1621801857500 0 599
1621801857644 0 649
1621801857828 0 699
1621801858013 0 749
1621801858221 0 799
1621801858375 0 849
1621801860801 0 859
1621801865353 1 899
1621801865510 1 949
1621801865655 1 999
1621801865802 1 1049
1621801865947 1 1099
1621801866092 1 1149
1621801866235 1 1199
1621801866385 1 1249
1621801866600 1 1299
1621801866750 1 1349
1621801866894 1 1399
1621801867037 1 1449
1621801867199 1 1499
1621801867357 1 1549
1621801867499 1 1599
1621801867655 1 1649
1621801867818 1 1699
1621801869552 1 1719
