1621801869622 1.8375766277313232 49
1621801869754 1.87919282913208 99
1621801869888 2.0320820808410645 149
1621801870014 4.212338924407959 199
1621801870140 2.3390870094299316 249
1621801870258 2.3084681034088135 299
1621801870387 2.323939561843872 349
1621801870516 2.2871580123901367 399
1621801870640 2.294119119644165 449
1621801870765 2.312776565551758 499
1621801870892 2.319221019744873 549
1621801871015 2.3122196197509766 599
1621801871149 2.3016903400421143 649
1621801871333 2.317523717880249 699
1621801871507 2.2764315605163574 749
1621801871674 2.2930753231048584 799
1621801871863 2.319821357727051 849
1621801872047 2.3133630752563477 899
1621801872226 2.2722272872924805 949
1621801872472 2.3322644233703613 999
1621801872614 2.3303987979888916 1049
1621801872777 2.290801525115967 1099
1621801872945 2.292193651199341 1149
1621801873124 2.305509090423584 1199
1621801873289 2.336392879486084 1249
1621801873449 2.2911505699157715 1299
1621801873603 2.2893552780151367 1349
1621801873766 2.290661096572876 1399
1621801873927 2.290709972381592 1449
1621801874085 2.2977070808410645 1499
1621801874302 2.301543951034546 1549
1621801874469 2.296961545944214 1599
1621801874625 2.2752156257629395 1649
1621801874790 2.308809995651245 1699
1621801880764 2.292865753173828 1749
1621801880957 2.312464475631714 1799
1621801881161 2.2959134578704834 1849
1621801881363 2.2950565814971924 1899
1621801881575 2.3378889560699463 1949
1621801881795 2.289257764816284 1999
1621801882032 2.300112247467041 2049
1621801882295 2.3393430709838867 2099
1621801882472 2.3048081398010254 2149
1621801882640 2.317356586456299 2199
1621801882812 2.2964534759521484 2249
1621801882986 2.3079171180725098 2299
1621801883159 2.3102123737335205 2349
1621801883311 2.325077533721924 2399
1621801883461 2.3163909912109375 2449
1621801883612 2.318225622177124 2499
1621801883759 2.3206653594970703 2549
1621801883910 2.3025336265563965 2599
1621801884058 2.324488639831543 2649
1621801884212 2.3192038536071777 2699
1621801884365 2.334634304046631 2749
1621801884515 2.322204351425171 2799
1621801884666 2.3205549716949463 2849
1621801884816 2.3546202182769775 2899
1621801884959 2.301408052444458 2949
1621801885109 2.316181182861328 2999
1621801885259 2.3304433822631836 3049
1621801885425 2.303873062133789 3099
1621801885613 2.262817621231079 3149
1621801885805 2.31060791015625 3199
1621801885978 2.304548501968384 3249
1621801886151 2.305432081222534 3299
1621801886322 2.356257438659668 3349
1621801886490 2.2661266326904297 3399
