1621801869622 0.25 49
1621801869754 0.3125 99
1621801869888 0.28125 149
1621801870014 0.09375 199
1621801870140 0.09375 249
1621801870258 0.0625 299
1621801870387 0.09375 349
1621801870516 0.15625 399
1621801870640 0.09375 449
1621801870765 0.09375 499
1621801870892 0.125 549
1621801871015 0.09375 599
1621801871149 0.09375 649
1621801871333 0.15625 699
1621801871507 0.15625 749
1621801871674 0.1875 799
1621801871863 0.125 849
1621801872047 0.125 899
1621801872226 0.0625 949
1621801872472 0.09375 999
1621801872614 0.0625 1049
1621801872777 0.125 1099
1621801872945 0.09375 1149
1621801873124 0.125 1199
1621801873289 0.0625 1249
1621801873449 0.125 1299
1621801873603 0.125 1349
1621801873766 0.03125 1399
1621801873927 0.15625 1449
1621801874085 0.0625 1499
1621801874302 0.0625 1549
1621801874469 0.09375 1599
1621801874625 0.15625 1649
1621801874790 0.03125 1699
1621801880764 0.09375 1749
1621801880957 0.125 1799
1621801881161 0.09375 1849
1621801881363 0.28125 1899
1621801881575 0.0625 1949
1621801881795 0.09375 1999
1621801882032 0.125 2049
1621801882295 0.03125 2099
1621801882472 0.09375 2149
1621801882640 0.09375 2199
1621801882812 0.15625 2249
1621801882986 0.09375 2299
1621801883159 0.09375 2349
1621801883311 0.1875 2399
1621801883461 0.09375 2449
1621801883612 0.125 2499
1621801883759 0.0625 2549
1621801883910 0.125 2599
1621801884058 0.09375 2649
1621801884212 0.15625 2699
1621801884365 0.125 2749
1621801884515 0.03125 2799
1621801884666 0.03125 2849
1621801884816 0.09375 2899
1621801884959 0.15625 2949
1621801885109 0.125 2999
1621801885259 0.125 3049
1621801885425 0.0 3099
1621801885613 0.21875 3149
1621801885805 0.09375 3199
1621801885978 0.09375 3249
1621801886151 0.0625 3299
1621801886322 0.0625 3349
1621801886490 0.125 3399
