1621801895430 0.5049508810043335 49
1621801895544 0.45689210295677185 99
1621801895655 0.9511263370513916 149
1621801895771 0.34220370650291443 199
1621801895884 0.5348837971687317 249
1621801895999 0.7649850249290466 299
1621801896121 0.21100619435310364 349
1621801896231 0.18837101757526398 399
1621801896345 0.2155444324016571 449
1621801896459 0.4621571898460388 499
1621801896572 0.641345202922821 549
1621801896685 0.23106041550636292 599
1621801896793 0.21328088641166687 649
1621801896905 0.1349557787179947 699
1621801897025 0.4659755229949951 749
1621801897143 0.39766156673431396 799
1621801897257 0.5013323426246643 849
1621801897365 0.4011448919773102 899
1621801897475 0.033619727939367294 949
1621801897586 0.16682371497154236 999
1621801897699 0.2357897013425827 1049
1621801897810 0.3466142416000366 1099
1621801897919 0.07925058156251907 1149
1621801898030 0.0711512491106987 1199
1621801898141 0.3391144275665283 1249
1621801898254 0.265925794839859 1299
1621801898366 0.4740902781486511 1349
1621801898478 0.4368411600589752 1399
1621801898595 0.23393668234348297 1449
1621801898719 0.07590966671705246 1499
1621801898884 0.07939830422401428 1549
1621801898994 0.32603195309638977 1599
1621801899119 0.5947256684303284 1649
1621801899243 0.09564083814620972 1699
1621801905252 0.4101807475090027 1749
1621801905365 0.26825782656669617 1799
1621801905478 0.08957036584615707 1849
1621801905591 0.274527907371521 1899
1621801905699 0.2769928574562073 1949
1621801905809 0.1433233618736267 1999
1621801905920 0.09949120879173279 2049
1621801906034 0.14235886931419373 2099
1621801906147 0.2080150991678238 2149
1621801906257 0.12904217839241028 2199
1621801906367 0.4801379442214966 2249
1621801906479 0.1796640157699585 2299
1621801906592 0.07993093878030777 2349
1621801906705 0.15828455984592438 2399
1621801906814 0.3306625783443451 2449
1621801906924 0.32844749093055725 2499
1621801907044 0.1431005746126175 2549
1621801907154 0.18460707366466522 2599
1621801907262 0.26601922512054443 2649
1621801907380 0.09369051456451416 2699
1621801907504 0.1873507797718048 2749
1621801907629 0.3484121561050415 2799
1621801907753 0.05890706926584244 2849
1621801907878 0.2247987538576126 2899
1621801908003 0.12387474626302719 2949
1621801908127 0.02314453385770321 2999
1621801908252 0.3440402150154114 3049
1621801908374 0.5824448466300964 3099
1621801908498 0.029981929808855057 3149
1621801908623 0.06059204787015915 3199
1621801908747 0.14674323797225952 3249
1621801908870 0.2545151114463806 3299
1621801908995 0.09596366435289383 3349
1621801909120 0.17295144498348236 3399
