1621801895430 0.875 49
1621801895544 0.875 99
1621801895655 0.65625 149
1621801895771 0.90625 199
1621801895884 0.8125 249
1621801895999 0.8125 299
1621801896121 0.90625 349
1621801896231 0.90625 399
1621801896345 0.90625 449
1621801896459 0.84375 499
1621801896572 0.84375 549
1621801896685 0.90625 599
1621801896793 0.9375 649
1621801896905 0.96875 699
1621801897025 0.875 749
1621801897143 0.84375 799
1621801897257 0.84375 849
1621801897365 0.8125 899
1621801897475 1.0 949
1621801897586 0.90625 999
1621801897699 0.90625 1049
1621801897810 0.9375 1099
1621801897919 1.0 1149
1621801898030 0.96875 1199
1621801898141 0.875 1249
1621801898254 0.875 1299
1621801898366 0.875 1349
1621801898478 0.90625 1399
1621801898595 0.9375 1449
1621801898719 1.0 1499
1621801898884 0.96875 1549
1621801898994 0.875 1599
1621801899119 0.78125 1649
1621801899243 0.96875 1699
1621801905252 0.875 1749
1621801905365 0.875 1799
1621801905478 0.96875 1849
1621801905591 0.90625 1899
1621801905699 0.90625 1949
1621801905809 0.9375 1999
1621801905920 1.0 2049
1621801906034 0.9375 2099
1621801906147 0.96875 2149
1621801906257 0.96875 2199
1621801906367 0.84375 2249
1621801906479 0.96875 2299
1621801906592 0.96875 2349
1621801906705 0.9375 2399
1621801906814 0.84375 2449
1621801906924 0.875 2499
1621801907044 0.9375 2549
1621801907154 0.90625 2599
1621801907262 0.9375 2649
1621801907380 1.0 2699
1621801907504 0.9375 2749
1621801907629 0.90625 2799
1621801907753 0.96875 2849
1621801907878 0.9375 2899
1621801908003 0.9375 2949
1621801908127 1.0 2999
1621801908252 0.90625 3049
1621801908374 0.875 3099
1621801908498 1.0 3149
1621801908623 1.0 3199
1621801908747 0.96875 3249
1621801908870 0.9375 3299
1621801908995 0.96875 3349
1621801909120 0.9375 3399
