1621801899122 0.369917631149292 49
1621801899276 0.5471099019050598 99
1621801899554 0.5355105400085449 149
1621801899705 0.38572078943252563 199
1621801899898 0.14983123540878296 249
1621801900086 0.31172510981559753 299
1621801900282 0.392892450094223 349
1621801900475 0.27182918787002563 399
1621801900667 0.3138716220855713 449
1621801900854 0.1818762570619583 499
1621801901087 0.5417308807373047 549
1621801901283 0.2601284980773926 599
1621801901418 0.10574182122945786 649
1621801901568 0.2565174400806427 699
1621801901706 0.4086260497570038 749
1621801901853 0.248634934425354 799
1621801901999 0.2285788655281067 849
1621801907424 0.0663069486618042 899
1621801907575 0.28732138872146606 949
1621801907725 0.19302430748939514 999
1621801907875 0.1784892976284027 1049
1621801908024 0.2561355233192444 1099
1621801908174 0.23468290269374847 1149
1621801908323 0.2701832354068756 1199
1621801908524 0.3057776391506195 1249
1621801908674 0.07767754048109055 1299
1621801908822 0.2000746726989746 1349
1621801908970 0.1085939109325409 1399
1621801909118 0.25435125827789307 1449
1621801909318 0.1849556267261505 1499
1621801909517 0.236134871840477 1549
1621801909690 0.17960697412490845 1599
1621801909882 0.06980166584253311 1649
1621801910075 0.15748222172260284 1699
