1621801899122 0.9375 49
1621801899276 0.859375 99
1621801899554 0.828125 149
1621801899705 0.890625 199
1621801899898 0.96875 249
1621801900086 0.90625 299
1621801900282 0.859375 349
1621801900475 0.921875 399
1621801900667 0.921875 449
1621801900854 0.953125 499
1621801901087 0.84375 549
1621801901283 0.90625 599
1621801901418 0.96875 649
1621801901568 0.90625 699
1621801901706 0.90625 749
1621801901853 0.890625 799
1621801901999 0.90625 849
1621801907424 1.0 899
1621801907575 0.9375 949
1621801907725 0.9375 999
1621801907875 0.921875 1049
1621801908024 0.921875 1099
1621801908174 0.921875 1149
1621801908323 0.921875 1199
1621801908524 0.953125 1249
1621801908674 0.953125 1299
1621801908822 0.9375 1349
1621801908970 0.984375 1399
1621801909118 0.90625 1449
1621801909318 0.96875 1499
1621801909517 0.9375 1549
1621801909690 0.953125 1599
1621801909882 0.984375 1649
1621801910075 0.953125 1699
