1621803470700 0 49
1621803470835 0 99
1621803470972 0 149
1621803471111 0 199
1621803471242 0 249
1621803471367 0 299
1621803471512 0 349
1621803471637 0 399
1621803471787 0 449
1621803471966 0 499
1621803472146 0 549
1621803472298 0 599
1621803472451 0 649
1621803472601 0 699
1621803472749 0 749
1621803472901 0 799
1621803473050 0 849
1621803473230 0 899
1621803473402 0 949
1621803473604 0 999
1621803473827 0 1049
1621803473944 0 1099
1621803474064 0 1149
1621803474184 0 1199
1621803474307 0 1249
1621803474427 0 1299
1621803474544 0 1349
1621803474669 0 1399
1621803474790 0 1449
1621803474907 0 1499
1621803475088 0 1549
1621803475234 0 1599
1621803475352 0 1649
1621803475464 0 1699
