1621803469264 0.585263192653656 49
1621803469420 0.32768967747688293 99
1621803469567 0.3744956851005554 149
1621803469725 0.26685041189193726 199
1621803469875 0.37068507075309753 249
1621803470015 0.29107600450515747 299
1621803470158 0.3838290870189667 349
1621803470313 0.21381662786006927 399
1621803470459 0.31806719303131104 449
1621803470617 0.35266244411468506 499
1621803470795 0.1384269744157791 549
1621803470961 0.3631393313407898 599
1621803471134 0.2570844292640686 649
1621803471297 0.2677665650844574 699
1621803471472 0.22834338247776031 749
1621803471633 0.19734463095664978 799
1621803471816 0.1737668365240097 849
