1621801831783 0.625 49
1621801831942 0.765625 99
1621801832103 0.734375 149
1621801832263 0.796875 199
1621801832422 0.71875 249
1621801832580 0.84375 299
1621801832742 0.75 349
1621801832927 0.828125 399
1621801833088 0.734375 449
1621801833246 0.8125 499
1621801833403 0.859375 549
1621801833563 0.78125 599
1621801833721 0.84375 649
1621801833883 0.71875 699
1621801834044 0.75 749
1621801834207 0.765625 799
1621801834373 0.84375 849
1621801840112 0.8125 899
1621801840275 0.890625 949
1621801840430 0.71875 999
1621801840584 0.875 1049
1621801840738 0.6875 1099
1621801840883 0.84375 1149
1621801841095 0.828125 1199
1621801841231 0.796875 1249
1621801841386 0.78125 1299
1621801841543 0.765625 1349
1621801841699 0.8125 1399
1621801841857 0.75 1449
1621801842015 0.875 1499
1621801842168 0.8125 1549
1621801842322 0.765625 1599
1621801842482 0.765625 1649
1621801842653 0.875 1699
