1621801831783 1.2515114545822144 49
1621801831942 1.2318098545074463 99
1621801832103 0.7179598212242126 149
1621801832263 0.75682133436203 199
1621801832422 1.0649386644363403 249
1621801832580 0.505487322807312 299
1621801832742 0.8071502447128296 349
1621801832927 0.9851379990577698 399
1621801833088 0.7866366505622864 449
1621801833246 1.0781309604644775 499
1621801833403 0.543816089630127 549
1621801833563 0.7192260026931763 599
1621801833721 0.726983368396759 649
1621801833883 0.9889218807220459 699
1621801834044 0.7684332132339478 749
1621801834207 0.7053550481796265 799
1621801834373 0.6976596713066101 849
1621801840112 0.8713744282722473 899
1621801840275 0.5454434156417847 949
1621801840430 0.981214165687561 999
1621801840584 0.5665223598480225 1049
1621801840738 1.1932494640350342 1099
1621801840883 0.5912378430366516 1149
1621801841095 0.5899676084518433 1199
1621801841231 0.6824820637702942 1249
1621801841386 0.8437515497207642 1299
1621801841543 0.58852618932724 1349
1621801841699 0.7575633525848389 1399
1621801841857 0.7494456171989441 1449
1621801842015 0.47847744822502136 1499
1621801842168 0.778991162776947 1549
1621801842322 0.7094278335571289 1599
1621801842482 0.9587072730064392 1649
1621801842653 0.7844591736793518 1699
