1621803426152 0 49
1621803426314 0 99
1621803426452 0 149
1621803426596 0 199
1621803426751 0 249
1621803426909 0 299
1621803427065 0 349
1621803427221 0 399
1621803427360 0 449
1621803427503 0 499
1621803427660 0 549
1621803427818 0 599
1621803427973 0 649
1621803428135 0 699
1621803428297 0 749
1621803428461 0 799
1621803428630 0 849
1621803430426 0 859
1621803434744 1 899
1621803434891 1 949
1621803435042 1 999
1621803435195 1 1049
1621803435340 1 1099
1621803435498 1 1149
1621803435708 1 1199
1621803435853 1 1249
1621803435997 1 1299
1621803436139 1 1349
1621803436277 1 1399
1621803436427 1 1449
1621803436570 1 1499
1621803436722 1 1549
1621803436869 1 1599
1621803437023 1 1649
1621803437175 1 1699
1621803438925 1 1719
