1621801855750 0.875 49
1621801855910 0.875 99
1621801856070 0.84375 149
1621801856228 0.890625 199
1621801856390 0.890625 249
1621801856553 0.890625 299
1621801856725 0.84375 349
1621801856889 0.90625 399
1621801857044 0.859375 449
1621801857194 0.875 499
1621801857353 0.84375 549
1621801857500 0.890625 599
1621801857644 0.90625 649
1621801857828 0.859375 699
1621801858013 0.9375 749
1621801858221 0.96875 799
1621801858375 0.953125 849
1621801865353 0.953125 899
1621801865510 0.953125 949
1621801865655 0.90625 999
1621801865802 0.9375 1049
1621801865947 0.953125 1099
1621801866092 0.890625 1149
1621801866235 0.890625 1199
1621801866385 0.953125 1249
1621801866600 0.90625 1299
1621801866750 0.9375 1349
1621801866894 0.875 1399
1621801867037 0.9375 1449
1621801867199 0.921875 1499
1621801867357 0.90625 1549
1621801867499 0.875 1599
1621801867655 0.90625 1649
1621801867818 0.96875 1699
