1621801855750 0.38252249360084534 49
1621801855910 0.4173387885093689 99
1621801856070 0.36654427647590637 149
1621801856228 0.3595549762248993 199
1621801856390 0.4014539420604706 249
1621801856553 0.39179402589797974 299
1621801856725 0.4515095055103302 349
1621801856889 0.2509426474571228 399
1621801857044 0.5278299450874329 449
1621801857194 0.4286566376686096 499
1621801857353 0.6825700998306274 549
1621801857500 0.3385560214519501 599
1621801857644 0.33423706889152527 649
1621801857828 0.47947147488594055 699
1621801858013 0.14711755514144897 749
1621801858221 0.11012433469295502 799
1621801858375 0.11740630865097046 849
1621801865353 0.21644972264766693 899
1621801865510 0.23760785162448883 949
1621801865655 0.3069903254508972 999
1621801865802 0.2430310845375061 1049
1621801865947 0.16235600411891937 1099
1621801866092 0.3060290217399597 1149
1621801866235 0.4430220127105713 1199
1621801866385 0.19656406342983246 1249
1621801866600 0.2906281352043152 1299
1621801866750 0.3862263858318329 1349
1621801866894 0.5421037077903748 1399
1621801867037 0.29103121161460876 1449
1621801867199 0.3454890549182892 1499
1621801867357 0.426250696182251 1549
1621801867499 0.6499679088592529 1599
1621801867655 0.22973965108394623 1649
1621801867818 0.09800688922405243 1699
