1621801831783 0 49
1621801831942 0 99
1621801832103 0 149
1621801832263 0 199
1621801832422 0 249
1621801832580 0 299
1621801832742 0 349
1621801832927 0 399
1621801833088 0 449
1621801833246 0 499
1621801833403 0 549
1621801833563 0 599
1621801833721 0 649
1621801833883 0 699
1621801834044 0 749
1621801834207 0 799
1621801834373 0 849
1621801836149 0 859
1621801840112 1 899
1621801840275 1 949
1621801840430 1 999
1621801840584 1 1049
1621801840738 1 1099
1621801840883 1 1149
1621801841095 1 1199
1621801841231 1 1249
1621801841386 1 1299
1621801841543 1 1349
1621801841699 1 1399
1621801841857 1 1449
1621801842015 1 1499
1621801842168 1 1549
1621801842322 1 1599
1621801842482 1 1649
1621801842653 1 1699
1621801844442 1 1719
