1621801869622 0 49
1621801869754 0 99
1621801869888 0 149
1621801870014 0 199
1621801870140 0 249
1621801870258 0 299
1621801870387 0 349
1621801870516 0 399
1621801870640 0 449
1621801870765 0 499
1621801870892 0 549
1621801871015 0 599
1621801871149 0 649
1621801871333 0 699
1621801871507 0 749
1621801871674 0 799
1621801871863 0 849
1621801872047 0 899
1621801872226 0 949
1621801872472 0 999
1621801872614 0 1049
1621801872777 0 1099
1621801872945 0 1149
1621801873124 0 1199
1621801873289 0 1249
1621801873449 0 1299
1621801873603 0 1349
1621801873766 0 1399
1621801873927 0 1449
1621801874085 0 1499
1621801874302 0 1549
1621801874469 0 1599
1621801874625 0 1649
1621801874790 0 1699
1621801876557 0 1718
1621801880764 1 1749
1621801880957 1 1799
1621801881161 1 1849
1621801881363 1 1899
1621801881575 1 1949
1621801881795 1 1999
1621801882032 1 2049
1621801882295 1 2099
1621801882472 1 2149
1621801882640 1 2199
1621801882812 1 2249
1621801882986 1 2299
1621801883159 1 2349
1621801883311 1 2399
1621801883461 1 2449
1621801883612 1 2499
1621801883759 1 2549
1621801883910 1 2599
1621801884058 1 2649
1621801884212 1 2699
1621801884365 1 2749
1621801884515 1 2799
1621801884666 1 2849
1621801884816 1 2899
1621801884959 1 2949
1621801885109 1 2999
1621801885259 1 3049
1621801885425 1 3099
1621801885613 1 3149
1621801885805 1 3199
1621801885978 1 3249
1621801886151 1 3299
1621801886322 1 3349
1621801886490 1 3399
1621801888387 1 3437
