1621803470700 0.8868501782417297 49
1621803470835 0.42177703976631165 99
1621803470972 0.4854957163333893 149
1621803471111 0.45357829332351685 199
1621803471242 0.6235904693603516 249
1621803471367 0.44070640206336975 299
1621803471512 0.5646157264709473 349
1621803471637 0.08649425953626633 399
1621803471787 0.8551183938980103 449
1621803471966 0.3674423396587372 499
1621803472146 0.4382270574569702 549
1621803472298 0.15110522508621216 599
1621803472451 0.47452792525291443 649
1621803472601 0.39963364601135254 699
1621803472749 0.3558843731880188 749
1621803472901 0.6355037093162537 799
1621803473050 0.3420052230358124 849
1621803473230 0.5123560428619385 899
1621803473402 0.3944418430328369 949
1621803473604 0.1961161345243454 999
1621803473827 0.4481692910194397 1049
1621803473944 0.3957841992378235 1099
1621803474064 0.28482574224472046 1149
1621803474184 0.14675214886665344 1199
1621803474307 0.1208217665553093 1249
1621803474427 0.1263478845357895 1299
1621803474544 0.3343949317932129 1349
1621803474669 0.16392460465431213 1399
1621803474790 0.45474082231521606 1449
1621803474907 0.2221398651599884 1499
1621803475088 0.17521557211875916 1549
1621803475234 0.24164241552352905 1599
1621803475352 0.18833103775978088 1649
1621803475464 0.29755350947380066 1699
