1621803470700 0.75 49
1621803470835 0.84375 99
1621803470972 0.90625 149
1621803471111 0.875 199
1621803471242 0.8125 249
1621803471367 0.8125 299
1621803471512 0.8125 349
1621803471637 0.96875 399
1621803471787 0.78125 449
1621803471966 0.90625 499
1621803472146 0.9375 549
1621803472298 0.96875 599
1621803472451 0.8125 649
1621803472601 0.875 699
1621803472749 0.875 749
1621803472901 0.84375 799
1621803473050 0.90625 849
1621803473230 0.875 899
1621803473402 0.875 949
1621803473604 0.9375 999
1621803473827 0.875 1049
1621803473944 0.84375 1099
1621803474064 0.875 1149
1621803474184 1.0 1199
1621803474307 1.0 1249
1621803474427 0.96875 1299
1621803474544 0.90625 1349
1621803474669 0.96875 1399
1621803474790 0.84375 1449
1621803474907 0.9375 1499
1621803475088 0.9375 1549
1621803475234 0.90625 1599
1621803475352 0.9375 1649
1621803475464 0.875 1699
