1621801919923 0.484375 49
1621801920089 0.5 99
1621801920248 0.40625 149
1621801920407 0.53125 199
1621801920567 0.625 249
1621801920725 0.421875 299
1621801920882 0.453125 349
1621801921039 0.484375 399
1621801921196 0.515625 449
1621801921353 0.578125 499
1621801921518 0.453125 549
1621801921681 0.53125 599
1621801921836 0.5 649
1621801921995 0.453125 699
1621801922242 0.421875 749
1621801922422 0.328125 799
1621801922618 0.40625 849
1621801929053 0.359375 899
1621801929240 0.484375 949
1621801929421 0.421875 999
1621801929597 0.359375 1049
1621801929760 0.328125 1099
1621801929925 0.46875 1149
1621801930154 0.3125 1199
1621801930328 0.421875 1249
1621801930499 0.390625 1299
1621801930675 0.34375 1349
1621801930863 0.3125 1399
1621801931044 0.375 1449
1621801931221 0.171875 1499
1621801931391 0.265625 1549
1621801931571 0.21875 1599
1621801931741 0.34375 1649
1621801932003 0.3125 1699
