1621801919923 1.7281321287155151 49
1621801920089 1.7665389776229858 99
1621801920248 1.943085789680481 149
1621801920407 1.874411940574646 199
1621801920567 1.2531769275665283 249
1621801920725 1.52959406375885 299
1621801920882 1.408717155456543 349
1621801921039 1.9004566669464111 399
1621801921196 1.1688987016677856 449
1621801921353 1.6449384689331055 499
1621801921518 1.5987622737884521 549
1621801921681 1.1723670959472656 599
1621801921836 1.4792015552520752 649
1621801921995 1.6259100437164307 699
1621801922242 1.9044177532196045 749
1621801922422 1.7275516986846924 799
1621801922618 1.3663909435272217 849
1621801929053 1.6692389249801636 899
1621801929240 1.513163447380066 949
1621801929421 1.5804470777511597 999
1621801929597 3.770815372467041 1049
1621801929760 1.9569969177246094 1099
1621801929925 2.1395082473754883 1149
1621801930154 1.8026043176651 1199
1621801930328 1.3906601667404175 1249
1621801930499 1.6424509286880493 1299
1621801930675 1.7400258779525757 1349
1621801930863 1.8721323013305664 1399
1621801931044 1.5523252487182617 1449
1621801931221 2.036625385284424 1499
1621801931391 1.8645201921463013 1549
1621801931571 2.065732479095459 1599
1621801931741 1.564537525177002 1649
1621801932003 1.797402024269104 1699
