1621801851697 0.6988731622695923 49
1621801851847 0.5486295223236084 99
1621801851998 0.47224149107933044 149
1621801852144 0.4743194878101349 199
1621801852301 0.3649783134460449 249
1621801852459 0.5179601907730103 299
1621801852606 0.4268783628940582 349
1621801852740 0.2704686224460602 399
1621801858613 0.4366033375263214 449
1621801858807 0.3140079975128174 499
1621801859034 0.28725162148475647 549
1621801859265 0.19431041181087494 599
1621801859501 0.3672327399253845 649
1621801859767 0.31125348806381226 699
1621801860011 0.2673192024230957 749
1621801860243 0.21763975918293 799
1621801860469 0.1806783676147461 849
