1621801919138 0 49
1621801919302 0 99
1621801919470 0 149
1621801919628 0 199
1621801919783 0 249
1621801919961 0 299
1621801920140 0 349
1621801920316 0 399
1621801920493 0 449
1621801920670 0 499
1621801920848 0 549
1621801921026 0 599
1621801921206 0 649
1621801921382 0 699
1621801921573 0 749
1621801921766 0 799
1621801921961 0 849
1621801924093 0 859
1621801928554 1 899
1621801928766 1 949
1621801928935 1 999
1621801929141 1 1049
1621801929332 1 1099
1621801929535 1 1149
1621801929776 1 1199
1621801929960 1 1249
1621801930148 1 1299
1621801930335 1 1349
1621801930519 1 1399
1621801930710 1 1449
1621801930912 1 1499
1621801931116 1 1549
1621801931312 1 1599
1621801931506 1 1649
1621801931689 1 1699
1621801933982 1 1719
