1621801876580 0 49
1621801876692 0 99
1621801876818 0 149
1621801876931 0 199
1621801877044 0 249
1621801877151 0 299
1621801877259 0 349
1621801877386 0 399
1621801877493 0 449
1621801877602 0 499
1621801877718 0 549
1621801877838 0 599
1621801877951 0 649
1621801878077 0 699
1621801878193 0 749
1621801878300 0 799
1621801878415 0 849
1621801878532 0 899
1621801878650 0 949
1621801878758 0 999
1621801878865 0 1049
1621801878983 0 1099
1621801879097 0 1149
1621801879207 0 1199
1621801879333 0 1249
1621801879452 0 1299
1621801879570 0 1349
1621801879686 0 1399
1621801879796 0 1449
1621801879904 0 1499
1621801880024 0 1549
1621801880189 0 1599
1621801880311 0 1649
1621801880428 0 1699
1621801882214 0 1718
1621801886027 1 1749
1621801886147 1 1799
1621801886265 1 1849
1621801886385 1 1899
1621801886509 1 1949
1621801886642 1 1999
1621801886860 1 2049
1621801886978 1 2099
1621801887138 1 2149
1621801887288 1 2199
1621801887439 1 2249
1621801887597 1 2299
1621801887742 1 2349
1621801887901 1 2399
1621801888053 1 2449
1621801888220 1 2499
1621801888412 1 2549
1621801888537 1 2599
1621801888671 1 2649
1621801888793 1 2699
1621801888909 1 2749
1621801889022 1 2799
1621801889135 1 2849
1621801889249 1 2899
1621801889364 1 2949
1621801889483 1 2999
1621801889602 1 3049
1621801889725 1 3099
1621801889843 1 3149
1621801889972 1 3199
1621801890138 1 3249
1621801890293 1 3299
1621801890442 1 3349
1621801890595 1 3399
1621801892515 1 3437
