1621803426152 1.7932990789413452 49
1621803426314 1.2188715934753418 99
1621803426452 1.3247692584991455 149
1621803426596 1.2834076881408691 199
1621803426751 0.8970789313316345 249
1621803426909 0.9156079292297363 299
1621803427065 1.0000896453857422 349
1621803427221 0.8915937542915344 399
1621803427360 0.8945729732513428 449
1621803427503 0.9611999988555908 499
1621803427660 1.0824837684631348 549
1621803427818 1.083823561668396 599
1621803427973 1.061029314994812 649
1621803428135 1.1417872905731201 699
1621803428297 0.9135454297065735 749
1621803428461 0.6685259342193604 799
1621803428630 1.0947884321212769 849
1621803434744 0.7935387492179871 899
1621803434891 0.7320396304130554 949
1621803435042 0.6931082606315613 999
1621803435195 0.8106311559677124 1049
1621803435340 2.1750199794769287 1099
1621803435498 1.233853816986084 1149
1621803435708 1.0494873523712158 1199
1621803435853 0.7481861114501953 1249
1621803435997 1.0203478336334229 1299
1621803436139 1.1376347541809082 1349
1621803436277 0.9075822830200195 1399
1621803436427 0.8678300380706787 1449
1621803436570 1.115776777267456 1499
1621803436722 0.9691749811172485 1549
1621803436869 1.0880091190338135 1599
1621803437023 1.1447097063064575 1649
1621803437175 0.8437149524688721 1699
