1621803426152 0.515625 49
1621803426314 0.546875 99
1621803426452 0.59375 149
1621803426596 0.59375 199
1621803426751 0.796875 249
1621803426909 0.765625 299
1621803427065 0.6875 349
1621803427221 0.75 399
1621803427360 0.734375 449
1621803427503 0.6875 499
1621803427660 0.75 549
1621803427818 0.734375 599
1621803427973 0.640625 649
1621803428135 0.734375 699
1621803428297 0.71875 749
1621803428461 0.78125 799
1621803428630 0.671875 849
1621803434744 0.765625 899
1621803434891 0.78125 949
1621803435042 0.828125 999
1621803435195 0.765625 1049
1621803435340 0.703125 1099
1621803435498 0.65625 1149
1621803435708 0.75 1199
1621803435853 0.8125 1249
1621803435997 0.765625 1299
1621803436139 0.765625 1349
1621803436277 0.765625 1399
1621803436427 0.734375 1449
1621803436570 0.65625 1499
1621803436722 0.625 1549
1621803436869 0.65625 1599
1621803437023 0.75 1649
1621803437175 0.734375 1699
