1621801831765 1.7497382164001465 49
1621801831914 1.1571309566497803 99
1621801832061 1.05438232421875 149
1621801832210 0.6712252497673035 199
1621801832354 0.7491587400436401 249
1621801832501 0.7025163769721985 299
1621801832648 0.6659929156303406 349
1621801832813 0.49383217096328735 399
1621801832969 0.4372742176055908 449
1621801833115 0.4720567762851715 499
1621801833260 0.398782342672348 549
1621801833402 0.9163514971733093 599
1621801833547 0.6059514284133911 649
1621801833693 0.4593828022480011 699
1621801833841 0.47761255502700806 749
1621801833985 0.5405423045158386 799
1621801834131 0.6668001413345337 849
1621801834277 0.2395877242088318 899
1621801834424 0.33085897564888 949
1621801834641 0.34340643882751465 999
1621801834763 0.23808862268924713 1049
1621801834911 0.26918208599090576 1099
1621801835056 0.2483205497264862 1149
1621801835192 0.4633124768733978 1199
1621801835338 0.42446368932724 1249
1621801835479 0.3088364601135254 1299
1621801835624 0.1765080988407135 1349
1621801835765 0.22440379858016968 1399
1621801835914 0.466327428817749 1449
1621801836130 0.39410772919654846 1499
1621801836298 0.24095039069652557 1549
1621801836407 0.3903825879096985 1599
1621801836520 0.28520724177360535 1649
1621801836640 0.3842247724533081 1699
1621801842441 0.42023396492004395 1749
1621801842588 0.3188636302947998 1799
1621801842736 0.5833591818809509 1849
1621801842951 0.4032832682132721 1899
1621801843074 0.18301396071910858 1949
1621801843219 0.3328750431537628 1999
1621801843362 0.3018186390399933 2049
1621801843494 0.24563971161842346 2099
1621801843639 0.5296764373779297 2149
1621801843775 0.15896792709827423 2199
1621801843925 0.38454708456993103 2249
1621801844072 0.4395723342895508 2299
1621801844227 0.12892025709152222 2349
1621801844439 0.39635783433914185 2399
1621801844551 0.5045441389083862 2449
1621801844669 0.31112998723983765 2499
1621801844789 0.18115589022636414 2549
1621801844898 0.4574410021305084 2599
1621801845009 0.3540583848953247 2649
1621801845129 0.15565098822116852 2699
1621801845259 0.11037643253803253 2749
1621801845378 0.17407739162445068 2799
1621801845502 0.13404497504234314 2849
1621801845615 0.11701398342847824 2899
1621801845737 0.27320796251296997 2949
1621801845864 0.13093538582324982 2999
1621801845974 0.16825129091739655 3049
1621801846098 0.2097737044095993 3099
1621801846240 0.23077808320522308 3149
1621801846394 0.2324945628643036 3199
1621801846539 0.15779408812522888 3249
1621801846680 0.36093252897262573 3299
1621801846835 0.11461092531681061 3349
1621801846972 0.1486421674489975 3399
