1621801831765 0.46875 49
1621801831914 0.6875 99
1621801832061 0.65625 149
1621801832210 0.84375 199
1621801832354 0.71875 249
1621801832501 0.75 299
1621801832648 0.78125 349
1621801832813 0.8125 399
1621801832969 0.875 449
1621801833115 0.8125 499
1621801833260 0.875 549
1621801833402 0.6875 599
1621801833547 0.78125 649
1621801833693 0.8125 699
1621801833841 0.875 749
1621801833985 0.8125 799
1621801834131 0.8125 849
1621801834277 0.9375 899
1621801834424 0.90625 949
1621801834641 0.9375 999
1621801834763 0.90625 1049
1621801834911 0.9375 1099
1621801835056 0.90625 1149
1621801835192 0.875 1199
1621801835338 0.875 1249
1621801835479 0.90625 1299
1621801835624 0.96875 1349
1621801835765 0.96875 1399
1621801835914 0.875 1449
1621801836130 0.875 1499
1621801836298 0.96875 1549
1621801836407 0.8125 1599
1621801836520 0.90625 1649
1621801836640 0.90625 1699
1621801842441 0.90625 1749
1621801842588 0.875 1799
1621801842736 0.8125 1849
1621801842951 0.90625 1899
1621801843074 0.9375 1949
1621801843219 0.9375 1999
1621801843362 0.9375 2049
1621801843494 0.9375 2099
1621801843639 0.84375 2149
1621801843775 0.96875 2199
1621801843925 0.9375 2249
1621801844072 0.90625 2299
1621801844227 0.96875 2349
1621801844439 0.90625 2399
1621801844551 0.875 2449
1621801844669 0.90625 2499
1621801844789 0.90625 2549
1621801844898 0.8125 2599
1621801845009 0.84375 2649
1621801845129 0.9375 2699
1621801845259 0.96875 2749
1621801845378 0.96875 2799
1621801845502 0.9375 2849
1621801845615 0.96875 2899
1621801845737 0.9375 2949
1621801845864 0.96875 2999
1621801845974 0.96875 3049
1621801846098 0.9375 3099
1621801846240 0.9375 3149
1621801846394 0.9375 3199
1621801846539 0.96875 3249
1621801846680 0.90625 3299
1621801846835 0.96875 3349
1621801846972 0.96875 3399
