1621801876580 2.08091402053833 49
1621801876692 2.19500732421875 99
1621801876818 2.0595178604125977 149
1621801876931 2.211425542831421 199
1621801877044 2.380089521408081 249
1621801877151 2.1002204418182373 299
1621801877259 2.2661290168762207 349
1621801877386 2.221237897872925 399
1621801877493 1.995978593826294 449
1621801877602 2.113985776901245 499
1621801877718 2.2134172916412354 549
1621801877838 2.306640863418579 599
1621801877951 2.2975029945373535 649
1621801878077 2.284181833267212 699
1621801878193 2.300861120223999 749
1621801878300 2.353236198425293 799
1621801878415 2.3089041709899902 849
1621801878532 2.321195602416992 899
1621801878650 2.2918496131896973 949
1621801878758 2.201768636703491 999
1621801878865 2.2972638607025146 1049
1621801878983 2.2960662841796875 1099
1621801879097 2.298964500427246 1149
1621801879207 2.2969658374786377 1199
1621801879333 2.343770742416382 1249
1621801879452 2.339794158935547 1299
1621801879570 2.2972848415374756 1349
1621801879686 2.3214683532714844 1399
1621801879796 2.3129074573516846 1449
1621801879904 2.315502405166626 1499
1621801880024 2.3215510845184326 1549
1621801880189 2.3449437618255615 1599
1621801880311 2.3104066848754883 1649
1621801880428 2.334545135498047 1699
1621801886027 2.2979280948638916 1749
1621801886147 2.3487892150878906 1799
1621801886265 2.299346923828125 1849
1621801886385 2.27408504486084 1899
1621801886509 2.3029749393463135 1949
1621801886642 2.2699224948883057 1999
1621801886860 2.3136887550354004 2049
1621801886978 2.260850429534912 2099
1621801887138 2.2660577297210693 2149
1621801887288 2.3232131004333496 2199
1621801887439 2.3316707611083984 2249
1621801887597 2.289175271987915 2299
1621801887742 2.325796127319336 2349
1621801887901 2.3197054862976074 2399
1621801888053 2.313613176345825 2449
1621801888220 2.2995243072509766 2499
1621801888412 2.310792922973633 2549
1621801888537 2.319274663925171 2599
1621801888671 2.35066556930542 2649
1621801888793 2.3073737621307373 2699
1621801888909 2.3188352584838867 2749
1621801889022 2.2991223335266113 2799
1621801889135 2.318370819091797 2849
1621801889249 2.2854738235473633 2899
1621801889364 2.3085100650787354 2949
1621801889483 2.324418067932129 2999
1621801889602 2.293752908706665 3049
1621801889725 2.297621965408325 3099
1621801889843 2.3368563652038574 3149
1621801889972 2.3299689292907715 3199
1621801890138 2.3921337127685547 3249
1621801890293 2.2877445220947266 3299
1621801890442 2.336165428161621 3349
1621801890595 2.282421827316284 3399
