1621801876580 0.15625 49
1621801876692 0.21875 99
1621801876818 0.15625 149
1621801876931 0.3125 199
1621801877044 0.0625 249
1621801877151 0.21875 299
1621801877259 0.0625 349
1621801877386 0.15625 399
1621801877493 0.1875 449
1621801877602 0.21875 499
1621801877718 0.09375 549
1621801877838 0.0625 599
1621801877951 0.15625 649
1621801878077 0.15625 699
1621801878193 0.03125 749
1621801878300 0.0625 799
1621801878415 0.125 849
1621801878532 0.09375 899
1621801878650 0.1875 949
1621801878758 0.15625 999
1621801878865 0.15625 1049
1621801878983 0.125 1099
1621801879097 0.125 1149
1621801879207 0.09375 1199
1621801879333 0.03125 1249
1621801879452 0.03125 1299
1621801879570 0.21875 1349
1621801879686 0.03125 1399
1621801879796 0.09375 1449
1621801879904 0.09375 1499
1621801880024 0.0625 1549
1621801880189 0.03125 1599
1621801880311 0.09375 1649
1621801880428 0.0625 1699
1621801886027 0.15625 1749
1621801886147 0.09375 1799
1621801886265 0.09375 1849
1621801886385 0.1875 1899
1621801886509 0.0625 1949
1621801886642 0.125 1999
1621801886860 0.0625 2049
1621801886978 0.1875 2099
1621801887138 0.1875 2149
1621801887288 0.0625 2199
1621801887439 0.0625 2249
1621801887597 0.15625 2299
1621801887742 0.125 2349
1621801887901 0.0625 2399
1621801888053 0.125 2449
1621801888220 0.125 2499
1621801888412 0.0625 2549
1621801888537 0.03125 2599
1621801888671 0.0625 2649
1621801888793 0.09375 2699
1621801888909 0.09375 2749
1621801889022 0.0625 2799
1621801889135 0.09375 2849
1621801889249 0.15625 2899
1621801889364 0.0 2949
1621801889483 0.125 2999
1621801889602 0.125 3049
1621801889725 0.09375 3099
1621801889843 0.03125 3149
1621801889972 0.09375 3199
1621801890138 0.0625 3249
1621801890293 0.1875 3299
1621801890442 0.09375 3349
1621801890595 0.03125 3399
