1621803426161 0.84375 49
1621803426342 0.75 99
1621803426490 0.75 149
1621803426659 0.59375 199
1621803426832 0.65625 249
1621803427003 0.78125 299
1621803427176 0.78125 349
1621803427334 0.6875 399
1621803427492 0.8125 449
1621803427664 0.6875 499
1621803427839 0.8125 549
1621803428013 0.875 599
1621803428193 0.8125 649
1621803428366 0.8125 699
1621803428545 0.84375 749
1621803428757 0.6875 799
1621803428959 0.78125 849
1621803429134 0.90625 899
1621803429308 0.625 949
1621803429473 0.65625 999
1621803429656 0.6875 1049
1621803429841 0.625 1099
1621803430015 0.6875 1149
1621803430201 0.75 1199
1621803430450 0.5625 1249
1621803430598 0.65625 1299
1621803430751 0.6875 1349
1621803430890 0.8125 1399
1621803431026 0.875 1449
1621803431170 0.78125 1499
1621803431365 0.71875 1549
1621803431507 0.75 1599
1621803431648 0.71875 1649
1621803431790 0.625 1699
1621803438109 0.59375 1749
1621803438279 0.65625 1799
1621803438457 0.65625 1849
1621803438627 0.65625 1899
1621803438873 0.78125 1949
1621803439029 0.65625 1999
1621803439177 0.6875 2049
1621803439322 0.71875 2099
1621803439459 0.71875 2149
1621803439595 0.59375 2199
1621803439744 0.75 2249
1621803439891 0.78125 2299
1621803440029 0.65625 2349
1621803440172 0.65625 2399
1621803440321 0.5625 2449
1621803440458 0.59375 2499
1621803440610 0.6875 2549
1621803440799 0.78125 2599
1621803440974 0.625 2649
1621803441147 0.71875 2699
1621803441324 0.71875 2749
1621803441499 0.71875 2799
1621803441716 0.75 2849
1621803441941 0.75 2899
1621803442093 0.65625 2949
1621803442239 0.8125 2999
1621803442382 0.59375 3049
1621803442536 0.59375 3099
1621803442687 0.65625 3149
1621803442830 0.6875 3199
1621803442962 0.65625 3249
1621803443098 0.375 3299
1621803443240 0.71875 3349
1621803443384 0.6875 3399
