1621803426161 0.7449299097061157 49
1621803426342 0.7740622162818909 99
1621803426490 0.6090666055679321 149
1621803426659 1.4210622310638428 199
1621803426832 1.0297479629516602 249
1621803427003 0.6154798269271851 299
1621803427176 0.8613961935043335 349
1621803427334 1.0532234907150269 399
1621803427492 0.6756079196929932 449
1621803427664 1.6791239976882935 499
1621803427839 0.8706339001655579 549
1621803428013 0.6236277222633362 599
1621803428193 0.6276060938835144 649
1621803428366 0.872336745262146 699
1621803428545 0.6473656892776489 749
1621803428757 0.9195348024368286 799
1621803428959 0.7530655860900879 849
1621803429134 0.5438056588172913 899
1621803429308 1.1416093111038208 949
1621803429473 0.7665581107139587 999
1621803429656 1.0490562915802002 1049
1621803429841 0.9874339699745178 1099
1621803430015 0.8540310859680176 1149
1621803430201 0.9656168222427368 1199
1621803430450 2.044621467590332 1249
1621803430598 1.019726037979126 1299
1621803430751 1.08984375 1349
1621803430890 0.5395202040672302 1399
1621803431026 0.44425255060195923 1449
1621803431170 0.9929978847503662 1499
1621803431365 0.8282062411308289 1549
1621803431507 0.7563028931617737 1599
1621803431648 1.0088257789611816 1649
1621803431790 1.0245962142944336 1699
1621803438109 1.157112717628479 1749
1621803438279 0.973054826259613 1799
1621803438457 1.224412202835083 1849
1621803438627 1.7662473917007446 1899
1621803438873 0.5528453588485718 1949
1621803439029 4.405539512634277 1999
1621803439177 0.8324922323226929 2049
1621803439322 0.7626150846481323 2099
1621803439459 0.7394425868988037 2149
1621803439595 1.3979883193969727 2199
1621803439744 0.7627123594284058 2249
1621803439891 0.6014209985733032 2299
1621803440029 1.5460412502288818 2349
1621803440172 0.9798057079315186 2399
1621803440321 1.0797624588012695 2449
1621803440458 1.0896199941635132 2499
1621803440610 0.8831434845924377 2549
1621803440799 0.6719765663146973 2599
1621803440974 1.38377046585083 2649
1621803441147 3.7159695625305176 2699
1621803441324 0.6674953103065491 2749
1621803441499 0.8868997693061829 2799
1621803441716 0.600705087184906 2849
1621803441941 0.7272258400917053 2899
1621803442093 1.2003288269042969 2949
1621803442239 1.4082143306732178 2999
1621803442382 1.0270198583602905 3049
1621803442536 1.29862380027771 3099
1621803442687 1.116884469985962 3149
1621803442830 0.9895939230918884 3199
1621803442962 3.094849109649658 3249
1621803443098 1.8499696254730225 3299
1621803443240 1.069000482559204 3349
1621803443384 0.8268353343009949 3399
